item_id,sr_item_qty,sr_dev,cr_item_qty,cr_dev,wr_item_qty,wr_dev,average
AAAAAAAAAAEGAAAA,2,0.900900900900900901000000,62,27.927927927927927928000000,10,4.504504504504504504666700,24.6666666666666667
AAAAAAAAADCAAAAA,2,0.701754385964912280666700,89,31.228070175438596491333300,4,1.403508771929824561333300,31.6666666666666667
AAAAAAAAADODAAAA,6,3.125000000000000000000000,38,19.791666666666666666666700,20,10.416666666666666666666700,21.3333333333333333
AAAAAAAAANCFAAAA,9,4.615384615384615384666700,26,13.333333333333333333333300,30,15.384615384615384615333300,21.6666666666666667
AAAAAAAABCEGAAAA,95,21.689497716894977169000000,4,0.913242009132420091333300,47,10.730593607305936073000000,48.6666666666666667
AAAAAAAABFGEAAAA,20,8.032128514056224899666700,44,17.670682730923694779000000,19,7.630522088353413654666700,27.6666666666666667
AAAAAAAABJLEAAAA,2,1.904761904761904762000000,27,25.714285714285714285666700,6,5.714285714285714285666700,11.6666666666666667
AAAAAAAABMHFAAAA,3,1.086956521739130434666700,5,1.811594202898550724666700,84,30.434782608695652174000000,30.6666666666666667
AAAAAAAABNLDAAAA,25,17.361111111111111111000000,3,2.083333333333333333333300,20,13.888888888888888889000000,16.0000000000000000
AAAAAAAABOBAAAAA,3,3.030303030303030303000000,16,16.161616161616161616000000,14,14.141414141414141414000000,11.0000000000000000
AAAAAAAABOKAAAAA,45,20.270270270270270270333300,18,8.108108108108108108000000,11,4.954954954954954955000000,24.6666666666666667
AAAAAAAACDPCAAAA,1,0.555555555555555555666700,26,14.444444444444444444333300,33,18.333333333333333333333300,20.0000000000000000
AAAAAAAACFFEAAAA,34,11.111111111111111111000000,38,12.418300653594771241666700,30,9.803921568627450980333300,34.0000000000000000
AAAAAAAACGGFAAAA,3,1.265822784810126582333300,71,29.957805907172995780666700,5,2.109704641350210970333300,26.3333333333333333
AAAAAAAACOOFAAAA,26,9.318996415770609319000000,64,22.939068100358422939000000,3,1.075268817204301075333300,31.0000000000000000
AAAAAAAADBIEAAAA,8,2.640264026402640264000000,41,13.531353135313531353000000,52,17.161716171617161716333300,33.6666666666666667
AAAAAAAADLBEAAAA,93,26.271186440677966101666700,23,6.497175141242937853000000,2,0.564971751412429378666700,39.3333333333333333
AAAAAAAAECFAAAAA,13,10.077519379844961240333300,29,22.480620155038759690000000,1,0.775193798449612403000000,14.3333333333333333
AAAAAAAAEEECAAAA,25,7.246376811594202898666700,18,5.217391304347826087000000,72,20.869565217391304347666700,38.3333333333333333
AAAAAAAAEFAFAAAA,20,6.289308176100628930666700,83,26.100628930817610063000000,3,0.943396226415094339666700,35.3333333333333333
AAAAAAAAEIBEAAAA,54,12.328767123287671233000000,77,17.579908675799086758000000,15,3.424657534246575342333300,48.6666666666666667
AAAAAAAAEIKAAAAA,16,10.062893081761006289333300,35,22.012578616352201258000000,2,1.257861635220125786000000,17.6666666666666667
AAAAAAAAEJGBAAAA,4,1.626016260162601626000000,47,19.105691056910569105666700,31,12.601626016260162601666700,27.3333333333333333
AAAAAAAAEKOBAAAA,72,21.238938053097345132666700,26,7.669616519174041298000000,15,4.424778761061946902666700,37.6666666666666667
AAAAAAAAEMNCAAAA,5,3.546099290780141844000000,28,19.858156028368794326333300,14,9.929078014184397163000000,15.6666666666666667
AAAAAAAAENPFAAAA,6,1.333333333333333333333300,49,10.888888888888888889000000,95,21.111111111111111111000000,50.0000000000000000
AAAAAAAAEPMEAAAA,14,9.722222222222222222333300,25,17.361111111111111111000000,9,6.250000000000000000000000,16.0000000000000000
AAAAAAAAFCOBAAAA,4,2.777777777777777777666700,10,6.944444444444444444333300,34,23.611111111111111111000000,16.0000000000000000
AAAAAAAAFGFDAAAA,3,1.818181818181818181666700,11,6.666666666666666666666700,41,24.848484848484848485000000,18.3333333333333333
AAAAAAAAFKAEAAAA,47,17.028985507246376811666700,26,9.420289855072463768000000,19,6.884057971014492753666700,30.6666666666666667
AAAAAAAAGAJCAAAA,45,19.480519480519480519333300,7,3.030303030303030303000000,25,10.822510822510822510666700,25.6666666666666667
AAAAAAAAGEIEAAAA,21,17.500000000000000000000000,18,15.000000000000000000000000,1,0.833333333333333333333300,13.3333333333333333
AAAAAAAAGKKCAAAA,29,13.425925925925925926000000,22,10.185185185185185185333300,21,9.722222222222222222333300,24.0000000000000000
AAAAAAAAGLCBAAAA,2,1.550387596899224806333300,8,6.201550387596899224666700,33,25.581395348837209302333300,14.3333333333333333
AAAAAAAAGLIDAAAA,98,21.350762527233115468333300,7,1.525054466230936819333300,48,10.457516339869281045666700,51.0000000000000000
AAAAAAAAGNCEAAAA,84,21.212121212121212121333300,22,5.555555555555555555666700,26,6.565656565656565656666700,44.0000000000000000
AAAAAAAAHCJBAAAA,5,4.385964912280701754333300,15,13.157894736842105263000000,18,15.789473684210526315666700,12.6666666666666667
AAAAAAAAHGDGAAAA,6,4.166666666666666666666700,9,6.250000000000000000000000,33,22.916666666666666666666700,16.0000000000000000
AAAAAAAAHLLFAAAA,77,23.765432098765432098666700,5,1.543209876543209876666700,26,8.024691358024691358000000,36.0000000000000000
AAAAAAAAHNHEAAAA,17,8.333333333333333333333300,50,24.509803921568627451000000,1,0.490196078431372549000000,22.6666666666666667
AAAAAAAAIAOBAAAA,74,22.424242424242424242333300,14,4.242424242424242424333300,22,6.666666666666666666666700,36.6666666666666667
AAAAAAAAIBNBAAAA,1,0.450450450450450450333300,26,11.711711711711711711666700,47,21.171171171171171171333300,24.6666666666666667
AAAAAAAAIIGEAAAA,23,9.465020576131687242666700,24,9.876543209876543210000000,34,13.991769547325102880666700,27.0000000000000000
AAAAAAAAIJAFAAAA,15,13.513513513513513513666700,18,16.216216216216216216333300,4,3.603603603603603603666700,12.3333333333333333
AAAAAAAAIJHBAAAA,2,2.020202020202020202000000,19,19.191919191919191919333300,12,12.121212121212121212000000,11.0000000000000000
AAAAAAAAIJJDAAAA,32,21.333333333333333333333300,17,11.333333333333333333333300,1,0.666666666666666666666700,16.6666666666666667
AAAAAAAAILIFAAAA,26,12.037037037037037037000000,5,2.314814814814814814666700,41,18.981481481481481481333300,24.0000000000000000
AAAAAAAAIMOEAAAA,24,14.545454545454545454666700,23,13.939393939393939394000000,8,4.848484848484848485000000,18.3333333333333333
AAAAAAAAIOMDAAAA,44,26.666666666666666666666700,8,4.848484848484848485000000,3,1.818181818181818181666700,18.3333333333333333
AAAAAAAAJAFFAAAA,62,16.145833333333333333333300,63,16.406250000000000000000000,3,0.781250000000000000000000,42.6666666666666667
AAAAAAAAJCPCAAAA,17,10.119047619047619047666700,17,10.119047619047619047666700,22,13.095238095238095238000000,18.6666666666666667
AAAAAAAAJIEEAAAA,null,null,10,null,3,null,null
AAAAAAAAJKAAAAAA,55,23.206751054852320675000000,17,7.172995780590717299666700,7,2.953586497890295358666700,26.3333333333333333
AAAAAAAAJPBGAAAA,44,23.280423280423280423333300,8,4.232804232804232804333300,11,5.820105820105820105666700,21.0000000000000000
AAAAAAAAKBBBAAAA,1,1.587301587301587301666700,16,25.396825396825396825333300,4,6.349206349206349206333300,7.0000000000000000
AAAAAAAAKGCEAAAA,2,1.360544217687074830000000,43,29.251700680272108843666700,4,2.721088435374149660000000,16.3333333333333333
AAAAAAAAKHECAAAA,1,1.010101010101010101000000,28,28.282828282828282828333300,4,4.040404040404040404000000,11.0000000000000000
AAAAAAAAKINDAAAA,5,1.915708812260536398333300,18,6.896551724137931034333300,64,24.521072796934865900333300,29.0000000000000000
AAAAAAAAKLEAAAAA,2,2.083333333333333333333300,20,20.833333333333333333333300,10,10.416666666666666666666700,10.6666666666666667
AAAAAAAAKNBCAAAA,37,14.859437751004016064333300,41,16.465863453815261044333300,5,2.008032128514056225000000,27.6666666666666667
AAAAAAAAKNKBAAAA,20,26.666666666666666666666700,3,4.000000000000000000000000,2,2.666666666666666666666700,8.3333333333333333
AAAAAAAAKPAAAAAA,52,25.120772946859903381666700,7,3.381642512077294686000000,10,4.830917874396135265666700,23.0000000000000000
AAAAAAAALCGDAAAA,59,12.606837606837606837666700,66,14.102564102564102564000000,31,6.623931623931623931666700,52.0000000000000000
AAAAAAAALLKCAAAA,18,6.896551724137931034333300,6,2.298850574712643678000000,63,24.137931034482758620666700,29.0000000000000000
AAAAAAAALLPDAAAA,23,12.994350282485875706333300,23,12.994350282485875706333300,13,7.344632768361581921000000,19.6666666666666667
AAAAAAAAMGCAAAAA,18,5.263157894736842105333300,84,24.561403508771929824666700,12,3.508771929824561403666700,38.0000000000000000
AAAAAAAAMGLFAAAA,9,6.818181818181818181666700,33,25.000000000000000000000000,2,1.515151515151515151666700,14.6666666666666667
AAAAAAAAMINFAAAA,22,7.333333333333333333333300,43,14.333333333333333333333300,35,11.666666666666666666666700,33.3333333333333333
AAAAAAAAMJCFAAAA,6,3.174603174603174603333300,10,5.291005291005291005333300,47,24.867724867724867725000000,21.0000000000000000
AAAAAAAAMJNEAAAA,62,22.463768115942028985666700,21,7.608695652173913043333300,9,3.260869565217391304333300,30.6666666666666667
AAAAAAAAMLCDAAAA,13,null,null,null,32,null,null
AAAAAAAAMLFDAAAA,58,13.242009132420091324333300,74,16.894977168949771689333300,14,3.196347031963470319666700,48.6666666666666667
AAAAAAAAMLPAAAAA,30,8.000000000000000000000000,40,10.666666666666666666666700,55,14.666666666666666666666700,41.6666666666666667
AAAAAAAAMMCDAAAA,8,6.666666666666666666666700,17,14.166666666666666666666700,15,12.500000000000000000000000,13.3333333333333333
AAAAAAAAMOADAAAA,21,5.303030303030303030333300,75,18.939393939393939394000000,36,9.090909090909090909000000,44.0000000000000000
AAAAAAAAMPAEAAAA,55,16.369047619047619047666700,32,9.523809523809523809666700,25,7.440476190476190476333300,37.3333333333333333
AAAAAAAAMPNBAAAA,1,1.851851851851851852000000,11,20.370370370370370370333300,6,11.111111111111111111000000,6.0000000000000000
AAAAAAAANBJCAAAA,14,2.862985685071574642000000,140,28.629856850715746421333300,9,1.840490797546012270000000,54.3333333333333333
AAAAAAAANBOAAAAA,7,14.583333333333333333333300,8,16.666666666666666666666700,1,2.083333333333333333333300,5.3333333333333333
AAAAAAAANDNCAAAA,31,9.393939393939393939333300,47,14.242424242424242424333300,32,9.696969696969696969666700,36.6666666666666667
AAAAAAAANEDFAAAA,53,16.987179487179487179333300,9,2.884615384615384615333300,42,13.461538461538461538333300,34.6666666666666667
AAAAAAAANIJEAAAA,27,8.256880733944954128333300,41,12.538226299694189602333300,41,12.538226299694189602333300,36.3333333333333333
AAAAAAAANJAAAAAA,16,7.407407407407407407333300,49,22.685185185185185185333300,7,3.240740740740740740666700,24.0000000000000000
AAAAAAAAOGODAAAA,84,19.718309859154929577333300,47,11.032863849765258216000000,11,2.582159624413145540000000,47.3333333333333333
AAAAAAAAOKOFAAAA,8,8.333333333333333333333300,17,17.708333333333333333333300,7,7.291666666666666666666700,10.6666666666666667
AAAAAAAAONAFAAAA,27,5.625000000000000000000000,53,11.041666666666666666666700,80,16.666666666666666666666700,53.3333333333333333
AAAAAAAAONIDAAAA,59,null,58,null,null,null,null
AAAAAAAAOOLBAAAA,9,2.068965517241379310333300,41,9.425287356321839080333300,95,21.839080459770114942666700,48.3333333333333333
AAAAAAAAPFNEAAAA,99,18.131868131868131868000000,79,14.468864468864468864333300,4,0.732600732600732600666700,60.6666666666666667
AAAAAAAAPMFFAAAA,26,24.074074074074074074000000,5,4.629629629629629629666700,5,4.629629629629629629666700,12.0000000000000000
AAAAAAAAPOGCAAAA,42,15.555555555555555555666700,18,6.666666666666666666666700,30,11.111111111111111111000000,30.0000000000000000
