i_item_id,agg1,agg2,agg3,agg4
AAAAAAAAAAABAAAA,26.5000000000000000,114.1100000000000000,849.4650000000000000,68.6700000000000000
AAAAAAAAAAACAAAA,38.0000000000000000,221.8400000000000000,1150.6300000000000000,144.1900000000000000
AAAAAAAAAAAFAAAA,16.0000000000000000,208.6300000000000000,0.00000000000000000000,0.00000000000000000000
AAAAAAAAAABBAAAA,89.0000000000000000,90.0900000000000000,0.00000000000000000000,9.0000000000000000
AAAAAAAAAABGAAAA,42.0000000000000000,124.5100000000000000,0.00000000000000000000,41.6400000000000000
AAAAAAAAAACGAAAA,46.6666666666666667,173.6400000000000000,0.00000000000000000000,112.0100000000000000
AAAAAAAAAADCAAAA,60.0000000000000000,205.1700000000000000,0.00000000000000000000,86.1700000000000000
AAAAAAAAAADEAAAA,73.0000000000000000,123.7000000000000000,4063.3200000000000000,92.7700000000000000
AAAAAAAAAAEAAAAA,25.0000000000000000,126.7200000000000000,0.00000000000000000000,103.9100000000000000
AAAAAAAAAAEDAAAA,48.0000000000000000,26.5600000000000000,0.00000000000000000000,13.5400000000000000
AAAAAAAAAAEEAAAA,55.0000000000000000,33.1900000000000000,0.00000000000000000000,0.00000000000000000000
AAAAAAAAAAGBAAAA,23.0000000000000000,126.0300000000000000,0.00000000000000000000,94.5200000000000000
AAAAAAAAAAGEAAAA,26.0000000000000000,50.9600000000000000,0.00000000000000000000,25.9800000000000000
AAAAAAAAAAGFAAAA,97.0000000000000000,194.7000000000000000,0.00000000000000000000,9.7300000000000000
AAAAAAAAAAHBAAAA,44.0000000000000000,69.0600000000000000,658.1150000000000000,45.5300000000000000
AAAAAAAAAAHDAAAA,29.0000000000000000,110.8300000000000000,0.00000000000000000000,19.9400000000000000
AAAAAAAAAAICAAAA,41.0000000000000000,29.0300000000000000,0.00000000000000000000,25.2500000000000000
AAAAAAAAAAJBAAAA,42.0000000000000000,95.7200000000000000,0.00000000000000000000,65.0800000000000000
AAAAAAAAAAJEAAAA,79.0000000000000000,109.5700000000000000,0.00000000000000000000,95.3200000000000000
AAAAAAAAAAJFAAAA,45.0000000000000000,132.4400000000000000,0.00000000000000000000,112.5700000000000000
AAAAAAAAAAKEAAAA,75.0000000000000000,56.6300000000000000,2463.0000000000000000,32.8400000000000000
AAAAAAAAAALDAAAA,70.0000000000000000,8.2600000000000000,0.00000000000000000000,5.3600000000000000
AAAAAAAAAALFAAAA,30.5000000000000000,68.2950000000000000,0.00000000000000000000,59.0950000000000000
AAAAAAAAAAMEAAAA,86.0000000000000000,56.6000000000000000,0.00000000000000000000,46.4100000000000000
AAAAAAAAAAMFAAAA,61.0000000000000000,205.7300000000000000,0.00000000000000000000,51.4300000000000000
AAAAAAAAAANAAAAA,100.0000000000000000,71.0100000000000000,0.00000000000000000000,44.0200000000000000
AAAAAAAAAANBAAAA,75.6666666666666667,93.5166666666666667,0.00000000000000000000,46.7966666666666667
AAAAAAAAAAOAAAAA,45.5000000000000000,95.0250000000000000,693.4050000000000000,46.7000000000000000
AAAAAAAAAAODAAAA,80.0000000000000000,140.8400000000000000,0.00000000000000000000,111.2600000000000000
AAAAAAAAAAPFAAAA,45.0000000000000000,8.7700000000000000,0.00000000000000000000,5.2600000000000000
AAAAAAAAABAAAAAA,23.0000000000000000,90.7200000000000000,0.00000000000000000000,76.2000000000000000
AAAAAAAAABBDAAAA,26.0000000000000000,68.8500000000000000,0.00000000000000000000,51.6300000000000000
AAAAAAAAABCEAAAA,46.0000000000000000,158.3600000000000000,192.2600000000000000,34.8300000000000000
AAAAAAAAABCFAAAA,26.0000000000000000,24.1300000000000000,0.00000000000000000000,22.1900000000000000
AAAAAAAAABDAAAAA,34.0000000000000000,22.9950000000000000,0.00000000000000000000,5.1800000000000000
AAAAAAAAABDBAAAA,9.0000000000000000,103.0300000000000000,0.00000000000000000000,20.6000000000000000
AAAAAAAAABDDAAAA,84.0000000000000000,265.4900000000000000,0.00000000000000000000,92.9200000000000000
AAAAAAAAABDEAAAA,87.0000000000000000,40.9400000000000000,0.00000000000000000000,5.3200000000000000
AAAAAAAAABDGAAAA,84.0000000000000000,162.2800000000000000,0.00000000000000000000,55.1700000000000000
AAAAAAAAABEAAAAA,49.0000000000000000,5.5100000000000000,0.00000000000000000000,2.8100000000000000
AAAAAAAAABEDAAAA,13.0000000000000000,230.4500000000000000,0.00000000000000000000,131.3500000000000000
AAAAAAAAABEFAAAA,55.0000000000000000,274.9700000000000000,0.00000000000000000000,206.2200000000000000
AAAAAAAAABEGAAAA,13.0000000000000000,38.9300000000000000,0.00000000000000000000,1.94000000000000000000
AAAAAAAAABFBAAAA,37.2000000000000000,136.2360000000000000,423.0240000000000000,77.3880000000000000
AAAAAAAAABFCAAAA,33.5000000000000000,89.3400000000000000,0.00000000000000000000,31.8000000000000000
AAAAAAAAABGDAAAA,35.0000000000000000,42.1800000000000000,0.00000000000000000000,26.9900000000000000
AAAAAAAAABGEAAAA,35.0000000000000000,143.6600000000000000,0.00000000000000000000,21.5400000000000000
AAAAAAAAABHCAAAA,88.0000000000000000,69.3700000000000000,0.00000000000000000000,67.2800000000000000
AAAAAAAAABIBAAAA,86.0000000000000000,118.6100000000000000,545.9550000000000000,41.2950000000000000
AAAAAAAAABIFAAAA,66.5000000000000000,53.2750000000000000,0.00000000000000000000,32.9400000000000000
AAAAAAAAABJAAAAA,35.0000000000000000,94.9400000000000000,0.00000000000000000000,46.5200000000000000
AAAAAAAAABJBAAAA,34.0000000000000000,165.2400000000000000,0.00000000000000000000,109.0500000000000000
AAAAAAAAABJDAAAA,90.0000000000000000,18.3400000000000000,0.00000000000000000000,8.4300000000000000
AAAAAAAAABLBAAAA,80.0000000000000000,104.9700000000000000,13.4200000000000000,8.3900000000000000
AAAAAAAAABLEAAAA,26.0000000000000000,54.3600000000000000,0.00000000000000000000,32.6100000000000000
AAAAAAAAABLFAAAA,38.0000000000000000,133.4700000000000000,0.00000000000000000000,62.7300000000000000
AAAAAAAAABMAAAAA,8.0000000000000000,156.2400000000000000,719.6900000000000000,94.0850000000000000
AAAAAAAAABMBAAAA,35.0000000000000000,51.1700000000000000,0.00000000000000000000,27.1200000000000000
AAAAAAAAABMDAAAA,25.0000000000000000,261.9200000000000000,0.00000000000000000000,159.7700000000000000
AAAAAAAAABMEAAAA,52.0000000000000000,176.4200000000000000,0.00000000000000000000,51.1600000000000000
AAAAAAAAABNDAAAA,3.0000000000000000,121.7800000000000000,1.97000000000000000000,3.6500000000000000
AAAAAAAAABOBAAAA,27.6666666666666667,179.4266666666666667,0.00000000000000000000,95.5300000000000000
AAAAAAAAABOEAAAA,55.0000000000000000,133.4700000000000000,0.00000000000000000000,16.0100000000000000
AAAAAAAAABOFAAAA,84.0000000000000000,38.5900000000000000,349.0300000000000000,8.4800000000000000
AAAAAAAAABPBAAAA,73.0000000000000000,117.5100000000000000,0.00000000000000000000,32.9000000000000000
AAAAAAAAACAGAAAA,95.0000000000000000,41.3400000000000000,0.00000000000000000000,31.4100000000000000
AAAAAAAAACBCAAAA,27.0000000000000000,21.8100000000000000,227.3400000000000000,21.5900000000000000
AAAAAAAAACBFAAAA,84.0000000000000000,10.4500000000000000,0.00000000000000000000,7.4100000000000000
AAAAAAAAACCAAAAA,43.5000000000000000,113.4500000000000000,154.2850000000000000,92.9250000000000000
AAAAAAAAACCGAAAA,97.0000000000000000,17.7900000000000000,0.00000000000000000000,12.6300000000000000
AAAAAAAAACEBAAAA,99.0000000000000000,132.7900000000000000,0.00000000000000000000,51.7800000000000000
AAAAAAAAACFBAAAA,70.0000000000000000,43.7500000000000000,0.00000000000000000000,7.7750000000000000
AAAAAAAAACFDAAAA,57.0000000000000000,152.2200000000000000,0.00000000000000000000,25.8700000000000000
AAAAAAAAACGAAAAA,20.0000000000000000,106.3800000000000000,0.00000000000000000000,81.9100000000000000
AAAAAAAAACGCAAAA,11.0000000000000000,194.5800000000000000,0.00000000000000000000,149.8200000000000000
AAAAAAAAACGFAAAA,91.0000000000000000,269.4700000000000000,0.00000000000000000000,150.9000000000000000
AAAAAAAAACHCAAAA,69.0000000000000000,195.2450000000000000,0.00000000000000000000,165.4350000000000000
AAAAAAAAACIBAAAA,61.0000000000000000,221.1000000000000000,0.00000000000000000000,22.1100000000000000
AAAAAAAAACIDAAAA,36.5000000000000000,138.7150000000000000,0.00000000000000000000,18.5650000000000000
AAAAAAAAACIEAAAA,47.0000000000000000,106.6700000000000000,0.00000000000000000000,105.6000000000000000
AAAAAAAAACJAAAAA,62.5000000000000000,45.7000000000000000,0.00000000000000000000,20.9500000000000000
AAAAAAAAACJCAAAA,3.0000000000000000,194.0700000000000000,0.00000000000000000000,54.3300000000000000
AAAAAAAAACJDAAAA,76.3333333333333333,84.9500000000000000,657.6500000000000000,47.5100000000000000
AAAAAAAAACJFAAAA,64.0000000000000000,115.5000000000000000,862.6300000000000000,44.1750000000000000
AAAAAAAAACKBAAAA,91.0000000000000000,46.8600000000000000,0.00000000000000000000,20.1400000000000000
AAAAAAAAACKCAAAA,59.0000000000000000,210.6500000000000000,0.00000000000000000000,21.0600000000000000
AAAAAAAAACKEAAAA,76.0000000000000000,156.6800000000000000,0.00000000000000000000,62.9000000000000000
AAAAAAAAACKFAAAA,75.0000000000000000,190.4700000000000000,0.00000000000000000000,89.5200000000000000
AAAAAAAAACLBAAAA,47.0000000000000000,106.7800000000000000,0.00000000000000000000,40.5700000000000000
AAAAAAAAACLDAAAA,58.0000000000000000,91.9700000000000000,0.00000000000000000000,68.9700000000000000
AAAAAAAAACMAAAAA,19.0000000000000000,81.8450000000000000,0.00000000000000000000,65.7400000000000000
AAAAAAAAACMDAAAA,39.0000000000000000,27.7900000000000000,0.00000000000000000000,24.1700000000000000
AAAAAAAAACMFAAAA,63.0000000000000000,67.5100000000000000,0.00000000000000000000,2.0200000000000000
AAAAAAAAACOAAAAA,71.0000000000000000,93.8400000000000000,0.00000000000000000000,91.9600000000000000
AAAAAAAAACODAAAA,32.5000000000000000,79.6300000000000000,0.00000000000000000000,49.9300000000000000
AAAAAAAAACPCAAAA,80.0000000000000000,245.6400000000000000,0.00000000000000000000,39.3000000000000000
AAAAAAAAACPFAAAA,71.0000000000000000,139.0900000000000000,0.00000000000000000000,34.7700000000000000
AAAAAAAAADACAAAA,90.0000000000000000,113.2650000000000000,0.00000000000000000000,26.3750000000000000
AAAAAAAAADBDAAAA,42.0000000000000000,53.7050000000000000,0.00000000000000000000,32.4050000000000000
AAAAAAAAADBGAAAA,36.0000000000000000,54.6300000000000000,0.00000000000000000000,49.1600000000000000
